(0, 0) 1504 ,(1, 1) 
(0, 1) 1674 ,(2, 1) 
(0, 2) 1473 ,(1, 2) 
(0, 3) 1453 ,(2, 2) 
(0, 4) 1660 ,(1, 3) 
(0, 5) 1624 ,(2, 3) 
(0, 6) 1746 ,(1, 4) 
(0, 7) 1605 ,(2, 4) 
(0, 8) 1652 ,(1, 5) 
(0, 9) 1718 ,(2, 5) 
(0, 10) 1530 ,(1, 6) 
(0, 11) 1585 ,(2, 6) 
(0, 12) 1518 ,(1, 7) 
(0, 13) 1565 ,(2, 7) 
(0, 14) 1426 ,(1, 8) 
(0, 15) 1656 ,(-1, -1) 
(1, 0) 0 ,(2, 8) 
(1, 1) 0 ,(1, 9) 
(1, 2) 0 ,(2, 9) 
(1, 3) 0 ,(1, 10) 
(1, 4) 0 ,(2, 10) 
(1, 5) 0 ,(1, 11) 
(1, 6) 0 ,(2, 11) 
(1, 7) 0 ,(1, 12) 
(1, 8) 0 ,(2, 12) 
(1, 9) 0 ,(1, 13) 
(1, 10) 0 ,(2, 13) 
(1, 11) 0 ,(1, 14) 
(1, 12) 0 ,(2, 14) 
(1, 13) 0 ,(1, 15) 
(1, 14) 0 ,(2, 15) 
(1, 15) 0 ,(-1, -1) 
(2, 0) 1573 ,(1, 16) 
(2, 1) 1538 ,(2, 16) 
(2, 2) 1468 ,(1, 17) 
(2, 3) 1826 ,(2, 17) 
(2, 4) 1575 ,(1, 18) 
(2, 5) 1619 ,(2, 18) 
(2, 6) 0 ,(1, 19) 
(2, 7) 0 ,(2, 19) 
(2, 8) 1663 ,(1, 20) 
(2, 9) 1945 ,(2, 20) 
(2, 10) 1542 ,(1, 21) 
(2, 11) 1725 ,(2, 21) 
(2, 12) 1570 ,(1, 22) 
(2, 13) 1642 ,(2, 22) 
(2, 14) 1619 ,(1, 23) 
(2, 15) 1526 ,(-1, -1) 
(3, 0) 0 ,(2, 23) 
(3, 1) 0 ,(1, 24) 
(3, 2) 0 ,(2, 24) 
(3, 3) 0 ,(1, 25) 
(3, 4) 0 ,(2, 25) 
(3, 5) 0 ,(1, 26) 
(3, 6) 0 ,(2, 26) 
(3, 7) 0 ,(1, 27) 
(3, 8) 1590 ,(2, 27) 
(3, 9) 0 ,(1, 28) 
(3, 10) 1740 ,(2, 28) 
(3, 11) 0 ,(1, 29) 
(3, 12) 0 ,(2, 29) 
(3, 13) 0 ,(1, 30) 
(3, 14) 0 ,(2, 30) 
(3, 15) 0 ,(-1, -1) 
